"source" "makespan" "wpo.makespan" "wto.makespan" "wpo.d" "wto.d"
"bonfire-de-hlrs.pleiades-3x3.Afap.4.json" 22628 22646 22568 0.000795474633197808 0.00265158211065936
"bonfire-uk-epcc.pleiades-2x2.Asap.4.json" 5369 5375 5494 0.00111752654125535 0.0232818029428199
"bonfire-uk-epcc.pleiades-1x1.Afap.3.json" 3243 3248 3239 0.00154178230033919 0.00123342584027135
"bonfire-fr-inria.pleiades-1x1.Asap.3.json" 1583 1580 1580 0.00189513581806696 0.00189513581806696
"bonfire-uk-epcc.pleiades-1x1.Afap.2.json" 3067 3073 3063 0.0019563090968373 0.0013042060645582
"bonfire-uk-epcc.pleiades-2x2.Asap.6.json" 5963 5947 5946 0.00268321314774442 0.00285091396947845
"bonfire-uk-epcc.pleiades-2x2.Afap.4.json" 10934 10894 10919 0.00365831351746845 0.00137186756905067
"bonfire-fr-inria.hrs.Afap.1250.5.json" 5305 5327 5044 0.00414703110273327 0.0491988689915174
"bonfire-fr-inria.pleiades-1x1.Afap.2.json" 2847 2835 2842 0.00421496311907271 0.00175623463294696
"bonfire-uk-epcc.pleiades-1x1.Asap.3.json" 1654 1647 1649 0.00423216444981862 0.0030229746070133
"bonfire-fr-inria.pleiades-1x1.Afap.json" 2902 2889 2898 0.00447966919365955 0.00137835975189524
"bonfire-de-hlrs.pleiades-1x1.Afap.json" 5775 5745 5769 0.00519480519480519 0.00103896103896104
"bonfire-uk-epcc.pleiades-3x3.Afap.json" 13962 13885 15576 0.00551496920212004 0.115599484314568
"bonfire-uk-epcc.pleiades-2x2.Afap.2.json" 10036 10092 10019 0.00557991231566361 0.00169390195296931
"bonfire-uk-epcc.pleiades-1x1.Asap.2.json" 2140 2152 2137 0.00560747663551402 0.0014018691588785
"openstack.hrt.Afap.10000.9.json" 489 486 489 0.00613496932515337 0
"bonfire-de-hlrs.pleiades-2x2.Afap.2.json" 16580 16686 16595 0.00639324487334138 0.000904704463208685
"bonfire-uk-epcc.pleiades-1x1.Afap.json" 3423 3401 3418 0.00642711072158925 0.00146070698217937
"openstack.pleiades-3x3.Asap.json" 6478 6522 6940 0.00679221982093239 0.0713183081197901
"bonfire-fr-inria.pleiades-1x1.Afap.3.json" 2915 2895 2910 0.00686106346483705 0.00171526586620926
"bonfire-de-hlrs.pleiades-1x1.Afap.2.json" 5740 5688 5733 0.00905923344947735 0.00121951219512195
"bonfire-fr-inria.pleiades-2x2.Asap.json" 11760 11868 12478 0.00918367346938776 0.0610544217687075
"bonfire-uk-epcc.pleiades-3x3.Asap.3.json" 13432 13308 13387 0.00923168552709946 0.00335020845741513
"bonfire-de-hlrs.pleiades-1x1.Afap.3.json" 5160 5108 5152 0.010077519379845 0.00155038759689922
"bonfire-uk-epcc.pleiades-2x2.Asap.3.json" 5091 5146 5245 0.010803378511098 0.0302494598310744
"openstack.pleiades-4x4.Asap.json" 9094 8994 9529 0.0109962612711678 0.0478337365295799
"openstack.brt.Afap.10000.4.json" 3506 3545 3506 0.011123787792356 0
"bonfire-uk-epcc.pleiades-3x3.Afap.4.json" 13867 13707 16043 0.0115381841782649 0.156919304824403
"openstack.hrt.Afap.10000.6.json" 493 486 493 0.0141987829614604 0
"bonfire-fr-inria.pleiades-1x1.Asap.2.json" 2131 2100 2126 0.014547160957297 0.00234631628343501
"openstack.brt.Afap.10000.9.json" 3498 3549 3498 0.0145797598627787 0
"bonfire-de-hlrs.pleiades-1x1.Asap.3.json" 3547 3495 3540 0.0146602762898224 0.00197349873132224
"bonfire-fr-inria.pleiades-1x1.Asap.4.json" 1751 1723 1746 0.0159908623643632 0.00285551113649343
"openstack.hrt.Afap.10000.8.json" 494 486 494 0.0161943319838057 0
"bonfire-de-hlrs.pleiades-1x1.Asap.2.json" 3229 3175 3222 0.0167234437906473 0.00216785382471353
"bonfire-uk-epcc.pleiades-1x1.Asap.json" 1843 1810 1998 0.0179055887140532 0.0841020075963104
"bonfire-uk-epcc.pleiades-3x3.Asap.2.json" 13329 13084 13283 0.0183809738164904 0.00345112161452472
"bonfire-de-hlrs.pleiades-1x1.Asap.json" 2938 2879 3425 0.0200816882232811 0.165759019741321
"bonfire-de-hlrs.pleiades-2x2.Asap.json" 8837 8622 12828 0.0243295235939799 0.45162385424918
"openstack.pleiades-1x1.Asap.json" 877 899 887 0.0250855188141391 0.0114025085518814
"bonfire-de-hlrs.pleiades-3x3.Afap.2.json" 25722 25075 25663 0.0251535650415986 0.00229375631754918
"bonfire-de-hlrs.pleiades-3x3.Afap.3.json" 25001 24325 29280 0.0270389184432623 0.171153153873845
"bonfire-uk-epcc.pleiades-3x3.Asap.json" 13880 13488 13844 0.0282420749279539 0.00259365994236311
"bonfire-de-hlrs.pleiades-2x2.Asap.2.json" 8156 7925 10441 0.0283227072094164 0.280161844041197
"openstack.hrt.Afap.10000.10.json" 501 486 501 0.029940119760479 0
"bonfire-de-hlrs.pleiades-2x2.Asap.3.json" 8000 7760 10131 0.03 0.266375
"bonfire-de-hlrs.pleiades-3x3.Asap.json" 22182 21491 22329 0.0311513840050491 0.00662699486069786
"bonfire-uk-epcc.pleiades-3x3.Afap.2.json" 14530 14989 14488 0.0315898141775637 0.00289057123193393
"openstack.brt.Afap.10000.json" 3435 3545 3435 0.0320232896652111 0
"openstack.brt.Afap.10000.6.json" 3434 3545 3434 0.0323238206173559 0
"openstack.brt.Afap.10000.2.json" 3433 3545 3433 0.0326245266530731 0
"bonfire-uk-epcc.pleiades-2x2.Asap.json" 5755 5567 6339 0.0326672458731538 0.101476976542137
"bonfire-de-hlrs.pleiades-3x3.Asap.3.json" 17885 17269 17830 0.0344422700587084 0.00307520268381325
"bonfire-de-hlrs.pleiades-3x3.Asap.2.json" 21915 21153 21852 0.0347707049965777 0.00287474332648871
"bonfire-de-hlrs.pleiades-3x3.Afap.json" 22241 21455 22176 0.0353401375837417 0.00292253046175981
"openstack.brt.Afap.10000.5.json" 3423 3545 3423 0.0356412503651767 0
"openstack.brt.Afap.10000.8.json" 3423 3549 3423 0.0368098159509202 0
"openstack.brt.Afap.10000.7.json" 3418 3545 3418 0.0371562317144529 0
"openstack.brs.Afap.1250.5.json" 7791 7497 8060 0.0377358490566038 0.0345270183545116
"openstack.brt.Afap.10000.3.json" 3415 3545 3415 0.0380673499267936 0
"bonfire-fr-inria.pleiades-2x2.Asap.2.json" 17046 17751 17387 0.0413586765223513 0.0200046931831515
"openstack.hrt.Afap.10000.3.json" 503 482 503 0.0417495029821074 0
"openstack.hrt.Afap.10000.4.json" 503 482 503 0.0417495029821074 0
"openstack.hrt.Afap.10000.5.json" 503 482 503 0.0417495029821074 0
"openstack.hrs.Afap.1250.3.json" 3767 3599 3767 0.0445978232014866 0
"openstack.hrt.Afap.10000.7.json" 509 486 509 0.0451866404715128 0
"openstack.hrt.Afap.10000.2.json" 505 482 505 0.0455445544554455 0
"bonfire-uk-epcc.pleiades-2x2.Asap.5.json" 4979 5218 5103 0.048001606748343 0.024904599317132
"openstack.hrs.Afap.1250.json" 3784 3599 3784 0.0488900634249471 0
"openstack.hrs.Asap.1250.3.json" 624 593 639 0.0496794871794872 0.0240384615384615
"openstack.hrs.Afap.1250.5.json" 3791 3599 3791 0.0506462674756001 0
"openstack.hrt.Afap.10000.json" 508 482 508 0.0511811023622047 0
"bonfire-uk-epcc.pleiades-3x3.Afap.3.json" 17085 16196 17026 0.0520339479075212 0.00345332162715833
"openstack.brs.Afap.1250.8.json" 7928 7503 8122 0.0536074672048436 0.0244702320887992
"openstack.brs.Afap.1250.9.json" 7963 7509 8241 0.0570136883084265 0.0349114655280673
"openstack.hrs.Afap.1250.8.json" 3765 3549 3765 0.0573705179282869 0
"openstack.hrs.Afap.1250.6.json" 3767 3549 3766 0.0578709848685957 0.000265463233342182
"openstack.hrs.Afap.1250.9.json" 3777 3549 3777 0.0603653693407466 0
"bonfire-de-hlrs.pleiades-2x2.Afap.3.json" 15733 16685 19927 0.060509756562639 0.266573444352635
"openstack.hrs.Afap.1250.7.json" 3781 3549 3781 0.0613594287225602 0
"openstack.brs.Afap.1250.2.json" 7985 7491 8256 0.0618659987476518 0.0339386349405135
"bonfire-de-hlrs.hrt.Afap.10000.7.json" 660 619 613 0.0621212121212121 0.0712121212121212
"openstack.hrs.Afap.1250.10.json" 3793 3549 3793 0.0643290271552861 0
"openstack.hrs.Afap.1250.4.json" 3793 3547 3793 0.0648563142631163 0
"openstack.brs.Afap.1250.6.json" 8011 7491 8298 0.0649107477218824 0.0358257396080389
"openstack.hrs.Afap.1250.2.json" 3799 3547 3799 0.066333245590945 0
"openstack.brs.Afap.1250.3.json" 8033 7497 8168 0.0667247603635006 0.0168056765840906
"bonfire-de-hlrs.hrt.Afap.10000.6.json" 664 619 620 0.0677710843373494 0.0662650602409639
"openstack.hrs.Asap.1250.json" 637 593 655 0.0690737833594976 0.0282574568288854
"openstack.brs.Afap.1250.10.json" 8073 7491 8346 0.0720921590486808 0.0338164251207729
"openstack.brs.Afap.1250.7.json" 8067 7485 8345 0.0721457791000372 0.0344613858931449
"bonfire-fr-inria.hrt.Afap.10000.5.json" 684 633 655 0.0745614035087719 0.0423976608187134
"bonfire-fr-inria.pleiades-1x1.Asap.json" 1628 1755 1810 0.078009828009828 0.111793611793612
"bonfire-fr-inria.pleiades-3x3.Afap.2.json" 14984 16164 15758 0.0787506673785371 0.0516550987720235
"openstack.brs.Afap.1250.json" 8136 7491 8417 0.0792772861356932 0.0345378564405113
"bonfire-fr-inria.hrt.Afap.10000.4.json" 688 633 659 0.0799418604651163 0.0421511627906977
"bonfire-de-hlrs.hrt.Afap.10000.5.json" 674 619 630 0.0816023738872404 0.0652818991097923
"bonfire-fr-inria.hrt.Afap.10000.3.json" 690 633 663 0.0826086956521739 0.0391304347826087
"openstack.brs.Afap.1250.11.json" 8200 7497 8477 0.0857317073170732 0.0337804878048781
"openstack.hrs.Asap.1250.10.json" 619 564 635 0.0888529886914378 0.0258481421647819
"openstack.brs.Afap.1250.4.json" 8050 7319 8301 0.0908074534161491 0.0311801242236025
"openstack.hrt.Asap.10000.2.json" 144 130 144 0.0972222222222222 0
"openstack.hrt.Asap.10000.3.json" 144 130 144 0.0972222222222222 0
"openstack.pleiades-2x2.Asap.json" 2648 2938 2794 0.109516616314199 0.0551359516616314
"bonfire-fr-inria.hrt.Afap.10000.json" 712 633 683 0.110955056179775 0.0407303370786517
"bonfire-uk-epcc.hrt.Asap.10000.json" 443 392 428 0.115124153498871 0.0338600451467269
"bonfire-uk-epcc.hrs.Afap.1250.2.json" 6275 5551 5958 0.115378486055777 0.0505179282868526
"bonfire-uk-epcc.pleiades-2x2.Asap.2.json" 5020 5614 5004 0.118326693227092 0.00318725099601594
"bonfire-uk-epcc.hrt.Asap.10000.3.json" 447 392 426 0.123042505592841 0.0469798657718121
"openstack.brs.Asap.1250.2.json" 6015 5219 6256 0.132335827098919 0.0400665004156276
"openstack.brs.Asap.1250.4.json" 6058 5254 6301 0.132717068339386 0.0401122482667547
"openstack.hrs.Asap.1250.6.json" 660 572 679 0.133333333333333 0.0287878787878788
"bonfire-fr-inria.pleiades-3x3.Afap.json" 13963 15839 13931 0.134355081286257 0.00229177110936045
"openstack.brs.Asap.1250.3.json" 6083 5260 6325 0.135295084662173 0.0397830018083183
"bonfire-de-hlrs.pleiades-2x2.Afap.json" 15522 17636 15498 0.136193789460121 0.00154619250096637
"bonfire-uk-epcc.hrt.Asap.10000.2.json" 455 392 434 0.138461538461538 0.0461538461538462
"openstack.brs.Asap.1250.7.json" 6071 5225 6347 0.139351013012683 0.0454620326140669
"openstack.brs.Asap.1250.5.json" 6091 5242 6335 0.139385979313742 0.0400591035954687
"openstack.brs.Asap.1250.8.json" 6101 5225 6346 0.143583019177184 0.0401573512538928
"openstack.hrs.Asap.1250.5.json" 693 593 712 0.144300144300144 0.0274170274170274
"bonfire-fr-inria.hrt.Afap.10000.2.json" 740 633 712 0.144594594594595 0.0378378378378378
"openstack.brs.Asap.1250.10.json" 6161 5235 6508 0.150300275929232 0.0563220256451875
"openstack.brs.Asap.1250.9.json" 6152 5225 6399 0.150682704811443 0.040149544863459
"openstack.hrs.Asap.1250.7.json" 678 572 698 0.156342182890855 0.0294985250737463
"bonfire-de-hlrs.hrs.Asap.1250.2.json" 1397 1173 1370 0.16034359341446 0.01932712956335
"openstack.brs.Asap.1250.6.json" 6326 5254 6580 0.169459374012014 0.0401517546632943
"openstack.hrs.Asap.1250.9.json" 698 579 718 0.170487106017192 0.0286532951289398
"bonfire-fr-inria.hrt.Asap.10000.5.json" 400 330 388 0.175 0.03
"openstack.hrs.Asap.1250.2.json" 723 593 744 0.179806362378976 0.029045643153527
"openstack.brs.Asap.1250.json" 6474 5242 6706 0.190299660179178 0.0358356502934816
"bonfire-uk-epcc.hrs.Asap.1250.3.json" 1703 1370 1631 0.195537287140341 0.0422783323546682
"openstack.hrs.Asap.1250.8.json" 769 613 792 0.202860858257477 0.0299089726918075
"openstack.brt.Asap.10000.5.json" 441 351 448 0.204081632653061 0.0158730158730159
"bonfire-de-hlrs.hrs.Afap.1250.json" 4416 3481 4138 0.211730072463768 0.0629528985507246
"bonfire-uk-epcc.hrt.Afap.10000.json" 794 624 760 0.214105793450882 0.0428211586901763
"bonfire-de-hlrs.brs.Afap.1250.3.json" 8550 6706 8021 0.215672514619883 0.0618713450292398
"bonfire-de-hlrs.brs.Afap.1250.2.json" 8606 6706 8072 0.220776202649314 0.0620497327445968
"bonfire-uk-epcc.hrt.Afap.10000.2.json" 802 624 756 0.221945137157107 0.057356608478803
"bonfire-de-hlrs.hrs.Asap.1250.json" 1357 1046 1330 0.229182019159912 0.0198968312453943
"openstack.pleiades-4x4.Afap.json" 10584 13080 10583 0.235827664399093 9.44822373393802e-05
"openstack.brt.Asap.10000.7.json" 521 398 534 0.236084452975048 0.0249520153550864
"bonfire-fr-inria.brt.Afap.10000.2.json" 4352 3301 4140 0.241498161764706 0.0487132352941176
"bonfire-fr-inria.brt.Afap.10000.4.json" 4353 3301 4142 0.2416724098323 0.0484723179416494
"openstack.hrt.Asap.10000.6.json" 136 103 136 0.242647058823529 0
"bonfire-fr-inria.brt.Afap.10000.5.json" 4362 3301 4155 0.243237047226043 0.047455295735901
"bonfire-fr-inria.brt.Afap.10000.json" 4379 3301 4170 0.246174925782142 0.0477277917332724
"bonfire-fr-inria.brt.Afap.10000.3.json" 4384 3301 4177 0.247034671532847 0.0472171532846715
"bonfire-de-hlrs.hrs.Asap.1250.3.json" 1626 1221 1599 0.249077490774908 0.0166051660516605
"openstack.hrs.Asap.1250.4.json" 797 593 821 0.255959849435383 0.0301129234629862
"bonfire-de-hlrs.brs.Afap.1250.json" 9082 6706 8536 0.261616384056375 0.0601189165382074
"bonfire-de-hlrs.brs.Asap.1250.3.json" 7868 5800 7377 0.262836807320793 0.0624046771733604
"bonfire-de-hlrs.brs.Asap.1250.json" 7871 5784 7382 0.265150552661669 0.0621267945623174
"bonfire-de-hlrs.brs.Asap.1250.2.json" 7889 5784 7399 0.266827227785524 0.062111801242236
"openstack.brt.Asap.10000.8.json" 545 398 559 0.269724770642202 0.0256880733944954
"openstack.brt.Asap.10000.4.json" 482 351 492 0.271784232365145 0.020746887966805
"bonfire-uk-epcc.brt.Asap.10000.3.json" 1110 806 1066 0.273873873873874 0.0396396396396396
"bonfire-de-hlrs.brt.Afap.10000.json" 4810 3490 4509 0.274428274428274 0.0625779625779626
"bonfire-de-hlrs.brt.Afap.10000.3.json" 4824 3490 4524 0.27653399668325 0.0621890547263682
"bonfire-uk-epcc.hrs.Asap.1250.json" 1612 1161 1554 0.279776674937965 0.0359801488833747
"bonfire-uk-epcc.brt.Asap.10000.2.json" 1124 806 1078 0.282918149466192 0.0409252669039146
"openstack.brt.Asap.10000.10.json" 518 371 530 0.283783783783784 0.0231660231660232
"bonfire-uk-epcc.brt.Asap.10000.json" 1130 806 1085 0.286725663716814 0.0398230088495575
"openstack.hrt.Asap.10000.8.json" 152 108 154 0.289473684210526 0.0131578947368421
"openstack.brt.Asap.10000.2.json" 502 351 515 0.300796812749004 0.0258964143426295
"bonfire-de-hlrs.hrs.Afap.1250.2.json" 5201 3579 4935 0.311863103249375 0.0511440107671602
"openstack.brt.Asap.10000.3.json" 517 351 529 0.321083172147002 0.02321083172147
"openstack.brt.Asap.10000.6.json" 536 363 550 0.322761194029851 0.0261194029850746
"bonfire-de-hlrs.hrs.Afap.1250.3.json" 5296 3579 5031 0.324206948640483 0.0500377643504532
"bonfire-de-hlrs.brt.Afap.10000.2.json" 4822 3251 4523 0.325798423890502 0.0620074657818333
"openstack.brt.Asap.10000.9.json" 548 363 562 0.337591240875912 0.0255474452554745
"bonfire-fr-inria.hrs.Afap.1250.2.json" 5369 3363 5107 0.373626373626374 0.0487986589681505
"bonfire-fr-inria.hrs.Afap.1250.3.json" 5378 3363 5115 0.374674600223131 0.0489029378951283
"bonfire-fr-inria.hrs.Asap.1250.2.json" 1842 1144 1898 0.378935939196526 0.0304017372421281
"bonfire-uk-epcc.brt.Afap.10000.json" 5721 3534 5434 0.382275825904562 0.0501660548855095
"bonfire-uk-epcc.hrs.Asap.1250.2.json" 1791 1103 1778 0.384142936906756 0.00725851479620324
"bonfire-uk-epcc.brt.Afap.10000.3.json" 5765 3534 5472 0.386990459670425 0.0508239375542064
"bonfire-fr-inria.hrs.Afap.1250.4.json" 5496 3363 5234 0.388100436681223 0.0476710334788937
"bonfire-uk-epcc.brt.Afap.10000.2.json" 5790 3534 5505 0.389637305699482 0.0492227979274611
"bonfire-de-hlrs.brt.Asap.10000.3.json" 1342 813 1319 0.394187779433681 0.0171385991058122
"bonfire-uk-epcc.hrs.Afap.1250.json" 5952 3605 5661 0.39432123655914 0.0488911290322581
"bonfire-fr-inria.brt.Asap.10000.4.json" 1361 790 1305 0.419544452608376 0.0411462160176341
"openstack.brt.Asap.10000.json" 611 351 627 0.425531914893617 0.0261865793780687
"openstack.pleiades-1x1.Afap.json" 1937 2762 1937 0.425916365513681 0
"bonfire-uk-epcc.hrs.Afap.1250.3.json" 6308 3605 5991 0.42850348763475 0.0502536461636018
"openstack.pleiades-1x1.Afap.2.json" 1917 2761 1916 0.440271257172666 0.000521648408972353
"bonfire-de-hlrs.hrt.Afap.10000.json" 1118 619 1048 0.446332737030411 0.0626118067978533
"bonfire-fr-inria.hrt.Asap.10000.2.json" 619 330 615 0.466882067851373 0.00646203554119548
"bonfire-de-hlrs.brt.Asap.10000.json" 1487 784 1466 0.472763954270343 0.0141223940820444
"bonfire-fr-inria.hrt.Asap.10000.3.json" 649 331 636 0.489984591679507 0.0200308166409861
"bonfire-uk-epcc.brs.Afap.1250.json" 14823 7301 14103 0.507454631316198 0.0485731633272617
"bonfire-uk-epcc.brs.Asap.1250.json" 12752 6267 12150 0.508547678795483 0.0472082810539523
"bonfire-uk-epcc.brs.Asap.1250.2.json" 12789 6267 12189 0.509969505043397 0.0469153178512784
"bonfire-uk-epcc.brs.Asap.1250.3.json" 12870 6267 12260 0.513053613053613 0.0473970473970474
"openstack.hrt.Asap.10000.5.json" 273 130 273 0.523809523809524 0
"bonfire-de-hlrs.hrt.Asap.10000.4.json" 828 389 820 0.530193236714976 0.00966183574879227
"bonfire-uk-epcc.hrt.Afap.10000.3.json" 1062 498 1010 0.531073446327684 0.0489642184557439
"bonfire-uk-epcc.brs.Afap.1250.2.json" 15336 7099 14596 0.537102243088159 0.0482524778299426
"openstack.hrt.Asap.10000.4.json" 272 125 274 0.540441176470588 0.00735294117647059
"bonfire-uk-epcc.brs.Afap.1250.3.json" 16636 7579 15825 0.544421735994229 0.0487496994469824
"bonfire-fr-inria.hrs.Afap.1250.json" 7799 3363 7419 0.568790870624439 0.0487241954096679
"bonfire-fr-inria.hrs.Asap.1250.4.json" 2754 1118 2311 0.594045025417574 0.160856935366739
"bonfire-de-hlrs.hrt.Asap.10000.2.json" 971 389 968 0.599382080329557 0.00308959835221421
"openstack.hrt.Asap.10000.9.json" 304 121 302 0.601973684210526 0.00657894736842105
"bonfire-de-hlrs.hrt.Asap.10000.json" 983 389 980 0.604272634791455 0.00305188199389624
"openstack.hrt.Asap.10000.json" 333 130 333 0.60960960960961 0
"bonfire-de-hlrs.hrt.Asap.10000.3.json" 1000 389 997 0.611 0.003
"bonfire-fr-inria.hrs.Asap.1250.3.json" 2492 961 2403 0.614365971107544 0.0357142857142857
"openstack.hrt.Asap.10000.7.json" 280 105 282 0.625 0.00714285714285714
"bonfire-de-hlrs.hrt.Afap.10000.3.json" 1986 619 1919 0.688318227593152 0.0337361530715005
"bonfire-fr-inria.hrt.Asap.10000.4.json" 1083 337 1079 0.688827331486611 0.00369344413665743
"bonfire-de-hlrs.hrt.Afap.10000.2.json" 2330 619 2263 0.734334763948498 0.028755364806867
"bonfire-fr-inria.pleiades-2x2.Afap.2.json" 8628 15637 8613 0.812355122855818 0.00173852573018081
"bonfire-fr-inria.pleiades-3x3.Afap.3.json" 19126 36506 19089 0.908710655651992 0.00193453937049043
"bonfire-fr-inria.pleiades-2x2.Afap.3.json" 7941 15851 7927 0.996096209545397 0.00176300214078831
"bonfire-uk-epcc.pleiades-2x2.Afap.json" 7789 15807 7775 1.02940043651303 0.00179740659904994
"openstack.pleiades-3x3.Afap.json" 7234 14865 7532 1.05487973458667 0.0411943599668233
"bonfire-fr-inria.pleiades-2x2.Afap.json" 7947 18510 7933 1.32918082295206 0.00176167107084434
"openstack.pleiades-2x2.Afap.json" 3697 18218 3696 3.9277792804977 0.000270489586150933
